added  10
deque([deque([[610.5541, 316.66574], [609.88104, 316.0186], [609.67865, 315.6599], [609.42194, 315.0284], [609.4924, 314.6602], [609.23035, 314.50214], [609.1286, 314.53717], [608.7216, 314.44717], [608.411, 314.10635], [608.5192, 314.30527]], maxlen=10), deque([[635.46106, 320.42307], [635.34393, 320.02567], [635.33856, 319.93417], [635.50006, 319.50494], [635.3484, 319.15753], [635.5004, 319.05786], [635.26904, 319.13745], [635.0387, 319.0729], [634.6193, 318.69846], [634.69336, 318.88638]], maxlen=10), deque([[263.49652, 569.2448], [263.4398, 568.8921], [263.28748, 568.8823], [263.3877, 568.3016], [263.19644, 568.6113], [263.1851, 568.4361], [262.672, 568.99347], [262.39468, 568.76245], [262.1122, 568.92377], [262.08716, 569.2864]], maxlen=10), deque([[620.6319, 254.5318], [619.9106, 253.91978], [619.62585, 253.77357], [619.34424, 253.25797], [619.26166, 253.03125], [619.0326, 252.73817], [618.8196, 252.81555], [618.54626, 252.76624], [618.0586, 252.54152], [618.2094, 252.67247]], maxlen=10), deque([[528.18915, 243.74742], [527.1917, 243.41273], [526.86017, 243.21754], [526.33307, 242.70064], [526.41547, 242.29689], [526.04565, 242.27959], [525.87787, 242.3053], [525.605, 242.28636], [525.18164, 242.08505], [525.33887, 242.24518]], maxlen=10), deque([[632.2511, 319.9545], [632.1332, 319.6169], [632.13293, 319.5568], [632.32, 319.22443], [632.17413, 318.79623], [632.3338, 318.74844], [632.084, 318.80118], [631.8317, 318.75342], [631.45197, 318.44513], [631.5176, 318.6025]], maxlen=10), deque([[605.5878, 241.51999], [604.6774, 240.83101], [604.39343, 240.58777], [604.0408, 239.97173], [603.98834, 239.64224], [603.76556, 239.49245], [603.59375, 239.50829], [603.31885, 239.48764], [602.831, 239.27351], [602.94196, 239.35973]], maxlen=10), deque([[633.0, 318.0], [632.9418, 317.68954], [632.9672, 317.64362], [633.2274, 317.3634], [633.0515, 316.96344], [633.2664, 316.92203], [632.9892, 316.98108], [632.7571, 316.9031], [632.39166, 316.5833], [632.45123, 316.7406]], maxlen=10), deque([[634.0, 317.0], [633.76685, 316.91867], [633.39233, 316.60373], [633.45166, 316.76184]], maxlen=10), deque([[633.0, 317.0]], maxlen=10)], maxlen=10)
[[608.5192  314.30527]
 [608.60846 314.46744]
 [634.7087  319.06384]
 [261.992   569.39215]
 [618.3523  252.81288]
 [525.5182  242.39438]
 [631.53296 318.72003]
 [603.1168  239.50221]
 [632.4514  316.8642 ]
 [633.44977 316.8912 ]]
[[608.55426 314.59277]
 [608.64667 314.75613]
 [634.75037 319.35797]
 [261.89856 569.44885]
 [618.4708  253.10938]
 [525.57574 242.52995]
 [631.5772  319.0532 ]
 [603.1998  239.73991]
 [632.49915 317.21512]
 [633.49945 317.23535]]
[[608.7333  315.08673]
 [608.8316  315.26523]
 [634.8645  319.7758 ]
 [261.67328 569.60266]
 [618.69    253.45854]
 [525.6104  242.699  ]
 [631.6666  319.48492]
 [603.40125 240.15973]
 [632.5923  317.60464]
 [633.60065 317.6342 ]]
[[609.60986 315.73975]
 [609.70264 315.91653]
 [634.7933  319.95483]
 [261.6623  569.6586 ]
 [619.578   254.0414 ]
 [527.0495  243.26872]
 [631.572   319.54596]
 [604.3627  240.83348]
 [632.3788  317.5892 ]
 [633.3816  317.65485]]
[[610.2774  315.96762]
 [610.36755 316.1554 ]
 [634.8566  319.87552]
 [261.7589  569.76825]
 [620.1963  254.2234 ]
 [527.9323  243.30542]
 [631.6187  319.42554]
 [605.10657 241.14574]
 [632.3614  317.4295 ]
 [633.352   317.5082 ]]
[[610.37994 316.07944]
 [610.46533 316.25815]
 [634.73615 319.92798]
 [261.58646 569.9663 ]
 [620.26105 254.40681]
 [528.27264 243.43953]
 [631.49585 319.4731 ]
 [605.2521  241.3102 ]
 [632.1994  317.44104]
 [633.19324 317.53296]]
append: [[[528. 204.]]]
added  10
deque([deque([[635.26904, 319.13745], [635.0387, 319.0729], [634.6193, 318.69846], [634.69336, 318.88638], [608.60846, 314.46744], [608.64667, 314.75613], [608.8316, 315.26523], [609.70264, 315.91653], [610.36755, 316.1554], [610.46533, 316.25815]], maxlen=10), deque([[262.672, 568.99347], [262.39468, 568.76245], [262.1122, 568.92377], [262.08716, 569.2864], [634.7087, 319.06384], [634.75037, 319.35797], [634.8645, 319.7758], [634.7933, 319.95483], [634.8566, 319.87552], [634.73615, 319.92798]], maxlen=10), deque([[618.8196, 252.81555], [618.54626, 252.76624], [618.0586, 252.54152], [618.2094, 252.67247], [261.992, 569.39215], [261.89856, 569.44885], [261.67328, 569.60266], [261.6623, 569.6586], [261.7589, 569.76825], [261.58646, 569.9663]], maxlen=10), deque([[525.87787, 242.3053], [525.605, 242.28636], [525.18164, 242.08505], [525.33887, 242.24518], [618.3523, 252.81288], [618.4708, 253.10938], [618.69, 253.45854], [619.578, 254.0414], [620.1963, 254.2234], [620.26105, 254.40681]], maxlen=10), deque([[632.084, 318.80118], [631.8317, 318.75342], [631.45197, 318.44513], [631.5176, 318.6025], [525.5182, 242.39438], [525.57574, 242.52995], [525.6104, 242.699], [527.0495, 243.26872], [527.9323, 243.30542], [528.27264, 243.43953]], maxlen=10), deque([[603.59375, 239.50829], [603.31885, 239.48764], [602.831, 239.27351], [602.94196, 239.35973], [631.53296, 318.72003], [631.5772, 319.0532], [631.6666, 319.48492], [631.572, 319.54596], [631.6187, 319.42554], [631.49585, 319.4731]], maxlen=10), deque([[632.9892, 316.98108], [632.7571, 316.9031], [632.39166, 316.5833], [632.45123, 316.7406], [603.1168, 239.50221], [603.1998, 239.73991], [603.40125, 240.15973], [604.3627, 240.83348], [605.10657, 241.14574], [605.2521, 241.3102]], maxlen=10), deque([[634.0, 317.0], [633.76685, 316.91867], [633.39233, 316.60373], [633.45166, 316.76184], [632.4514, 316.8642], [632.49915, 317.21512], [632.5923, 317.60464], [632.3788, 317.5892], [632.3614, 317.4295], [632.1994, 317.44104]], maxlen=10), deque([[633.0, 317.0], [633.44977, 316.8912], [633.49945, 317.23535], [633.60065, 317.6342], [633.3816, 317.65485], [633.352, 317.5082], [633.19324, 317.53296]], maxlen=10), deque([[528.0, 204.0]], maxlen=10)], maxlen=10)
[[610.46533 316.25815]
 [610.0982  316.42935]
 [634.1867  320.0697 ]
 [260.9299  570.1657 ]
 [619.8733  254.63493]
 [527.9962  243.57469]
 [630.9201  319.54913]
 [604.84076 241.5375 ]
 [631.60144 317.50775]
 [632.5864  317.59473]]
[[609.52826 315.87778]
 [609.1733  316.0736 ]
 [633.12085 319.5696 ]
 [259.81906 570.17725]
 [618.8792  254.44904]
 [527.30804 243.51271]
 [629.86017 319.10526]
 [603.9139  241.3231 ]
 [630.5324  317.03842]
 [631.51654 317.15375]]
[[608.0775  314.96402]
 [607.6837  315.15137]
 [631.9466  318.83676]
 [258.6813  570.25037]
 [617.3476  253.6218 ]
 [525.54663 242.76485]
 [628.6858  318.37582]
 [602.2986  240.36726]
 [629.3837  316.32697]
 [630.37177 316.4265 ]]
[[606.9667  314.37204]
 [606.58453 314.53174]
 [631.11237 318.3174 ]
 [258.132   570.24805]
 [616.1205  252.95064]
 [524.1107  242.18245]
 [627.83655 317.7588 ]
 [600.9917  239.57521]
 [628.54016 315.72342]
 [629.5326  315.83163]]
[[606.57275 313.92258]
 [606.23047 314.10193]
 [630.91034 318.02536]
 [258.1214  570.2423 ]
 [615.5889  252.49332]
 [523.2963  241.62521]
 [627.66547 317.51135]
 [600.4786  239.18878]
 [628.3986  315.50128]
 [629.3895  315.57812]]
[[606.8968  313.80185]
 [606.5335  313.97745]
 [631.16547 317.8323 ]
 [258.41882 570.33264]
 [615.8075  252.37747]
 [523.5878  241.53506]
 [627.90247 317.37302]
 [600.7084  239.08723]
 [628.6253  315.34552]
 [629.6155  315.4218 ]]
append: [[[524. 200.]]]
added  10
deque([deque([[634.8645, 319.7758], [634.7933, 319.95483], [634.8566, 319.87552], [634.73615, 319.92798], [610.0982, 316.42935], [609.1733, 316.0736], [607.6837, 315.15137], [606.58453, 314.53174], [606.23047, 314.10193], [606.5335, 313.97745]], maxlen=10), deque([[261.67328, 569.60266], [261.6623, 569.6586], [261.7589, 569.76825], [261.58646, 569.9663], [634.1867, 320.0697], [633.12085, 319.5696], [631.9466, 318.83676], [631.11237, 318.3174], [630.91034, 318.02536], [631.16547, 317.8323]], maxlen=10), deque([[618.69, 253.45854], [619.578, 254.0414], [620.1963, 254.2234], [620.26105, 254.40681], [260.9299, 570.1657], [259.81906, 570.17725], [258.6813, 570.25037], [258.132, 570.24805], [258.1214, 570.2423], [258.41882, 570.33264]], maxlen=10), deque([[525.6104, 242.699], [527.0495, 243.26872], [527.9323, 243.30542], [528.27264, 243.43953], [619.8733, 254.63493], [618.8792, 254.44904], [617.3476, 253.6218], [616.1205, 252.95064], [615.5889, 252.49332], [615.8075, 252.37747]], maxlen=10), deque([[631.6666, 319.48492], [631.572, 319.54596], [631.6187, 319.42554], [631.49585, 319.4731], [527.9962, 243.57469], [527.30804, 243.51271], [525.54663, 242.76485], [524.1107, 242.18245], [523.2963, 241.62521], [523.5878, 241.53506]], maxlen=10), deque([[603.40125, 240.15973], [604.3627, 240.83348], [605.10657, 241.14574], [605.2521, 241.3102], [630.9201, 319.54913], [629.86017, 319.10526], [628.6858, 318.37582], [627.83655, 317.7588], [627.66547, 317.51135], [627.90247, 317.37302]], maxlen=10), deque([[632.5923, 317.60464], [632.3788, 317.5892], [632.3614, 317.4295], [632.1994, 317.44104], [604.84076, 241.5375], [603.9139, 241.3231], [602.2986, 240.36726], [600.9917, 239.57521], [600.4786, 239.18878], [600.7084, 239.08723]], maxlen=10), deque([[633.60065, 317.6342], [633.3816, 317.65485], [633.352, 317.5082], [633.19324, 317.53296], [631.60144, 317.50775], [630.5324, 317.03842], [629.3837, 316.32697], [628.54016, 315.72342], [628.3986, 315.50128], [628.6253, 315.34552]], maxlen=10), deque([[528.0, 204.0], [632.5864, 317.59473], [631.51654, 317.15375], [630.37177, 316.4265], [629.5326, 315.83163], [629.3895, 315.57812], [629.6155, 315.4218]], maxlen=10), deque([[524.0, 200.0]], maxlen=10)], maxlen=10)
[[606.5335  313.97745]
 [607.0733  314.26096]
 [631.53894 318.08496]
 [258.6568  570.4267 ]
 [616.4573  252.60207]
 [524.30286 241.59651]
 [628.321   317.55945]
 [601.3091  239.27002]
 [629.01965 315.52377]
 [630.0074  315.61322]]
[[607.0801  314.3806 ]
 [607.57495 314.6363 ]
 [631.8969  318.42877]
 [258.88034 570.4151 ]
 [617.0796  253.02054]
 [525.0125  241.95244]
 [628.6542  317.8746 ]
 [601.9263  239.59773]
 [629.3585  315.80676]
 [630.34705 315.91702]]
[[607.2287  314.56772]
 [607.7269  314.83875]
 [631.9681  318.64664]
 [258.65076 570.54596]
 [617.375   253.29007]
 [525.418   242.05978]
 [628.7267  318.15723]
 [602.2549  239.80528]
 [629.4308  316.0944 ]
 [630.42053 316.2056 ]]